# .PCD v0.7 - Point Cloud Data file format
VERSION 0.7
FIELDS descriptor
SIZE 4
TYPE F
COUNT 36
WIDTH 1
HEIGHT 165
VIEWPOINT 0 0 0 1 0 0 0
POINTS 165
DATA ascii
0.27452847 0.27403951 0.27403951 0.27403951 0.27391601 0.27009186 0.26640072 0.2513026 0.22534946 0.076013841 -0.00052525301 0.0058826497 -0.0085384166 -0.014300779 -0.021660905 0.050223324 0.12529066 0.13366352 0.079586431 0.0016599804 -0.012308764 -0.010381651 -0.0083233006 -0.0079411594 -0.012560514 -0.010009051 0.0070318277 0.15418358 0.22096971 0.2300542 0.2505247 0.26819775 0.2769224 0.2769224 0.27567965 0.27452847
0.27493665 0.27478865 0.27478865 0.27478865 0.27587083 0.27691752 0.27482274 0.22205029 0.12540212 0.033286493 0.017915854 0.014509519 -0.0051509379 -0.013353817 -0.024897985 -0.029988006 0.028409839 0.09730757 0.19414651 0.19341241 0.19324039 0.13481328 0.12622285 0.04701782 -0.031465076 -0.0082863662 0.006165232 0.016744377 0.036544535 0.12462001 0.24638675 0.26812866 0.27717051 0.27717051 0.27604464 0.27493662
0.27461737 0.2677539 0.26775393 0.26432911 0.25843343 0.24973747 0.23799564 0.17376855 0.096164055 0.024873747 0.021616206 0.015713647 0.0021182471 -0.0017855616 -0.005996441 -0.00577268 -0.012336507 -0.012398627 -0.017975641 -0.016840715 0.077136315 0.14728431 0.13727486 0.056598969 -0.017878907 -0.0014050873 0.0092980741 0.024514904 0.15636013 0.21580783 0.22921512 0.23925836 0.26214314 0.27416572 0.27992183 0.27784455
0.25112778 0.2546505 0.25818747 0.26528418 0.26879975 0.2641297 0.2413712 0.11130014 0.0097533232 0.010901495 0.0019785948 -0.011422652 -0.016755641 -0.01598304 -0.012189351 -0.0094989557 -0.011059618 -0.0072574234 -0.0060336036 -0.0095168911 -0.0088848332 -0.015196034 -0.015275843 -0.0067426409 -0.0047784313 -0.0070033115 -0.014777166 0.057358842 0.15577485 0.18715554 0.22565685 0.23913194 0.24792697 0.25205323 0.252195 0.25112775
0.27842396 0.27842396 0.27849603 0.27531001 0.27200642 0.25784972 0.24744602 0.23375282 0.098773204 0.019262882 0.022746215 0.019646907 0.0095995553 0.049751747 0.019799599 0.025407497 0.016598048 0.004281993 0.0072149304 0.010256648 0.011221943 0.012590918 0.0078960788 0.0034809341 0.0045318916 0.027891172 0.030427402 0.041500803 0.13332966 0.22005181 0.27070367 0.27589673 0.27875933 0.27860183 0.27860183 0.27842396
0.28276098 0.28276145 0.28189993 0.28088364 0.28088343 0.28159267 0.28052676 0.26175141 0.22176477 0.13175923 0.056368463 0.012517964 0.011857519 0.14850566 0.20154426 0.20105596 0.14608982 0.13370864 0.05499956 -0.016781118 -0.0051197824 0.0007892765 0.017977152 0.029523883 0.037120163 0.088339254 0.17235301 0.24505432 0.25985479 0.27222261 0.27761707 0.28084266 0.28063235 0.28063235 0.28063232 0.28173342
0.28608486 0.28300005 0.27658075 0.27658075 0.27332091 0.2677353 0.25818121 0.19625252 0.044970933 0.036575235 0.044297591 0.029972356 0.022972615 0.015056076 0.0052768062 -0.0013586357 0.0038157776 0.11400442 0.20213509 0.24139261 0.24135041 0.23328252 0.17280661 0.14246406 0.0099337455 -0.022567676 -0.011129279 0.0046175434 0.026129916 0.1722891 0.23178144 0.25211766 0.26994056 0.28307658 0.28617433 0.28814873
0.26711428 0.26498705 0.26174834 0.25470969 0.25470972 0.25470969 0.25461134 0.25542191 0.2427817 0.12570125 0.041721284 -0.021254335 -0.042045712 -0.043932781 -0.051410105 -0.062390037 0.094279461 0.18088564 0.19352937 0.19948253 0.1891512 0.17901982 0.1176737 -0.037233654 -0.049246583 -0.045046434 0.10720458 0.20733424 0.22289878 0.23063439 0.24034321 0.24157687 0.25125441 0.25483695 0.26175562 0.26502669
0.29663822 0.29663771 0.29688388 0.29688391 0.29690608 0.22859737 0.089274548 0.074619792 0.040294804 0.025497701 0.028213786 0.039142072 0.054924745 0.06041893 0.065729611 0.12025452 0.17984279 0.19245453 0.23527767 0.23588376 0.23532128 0.18939899 0.17914245 0.07292702 0.046014953 0.034090035 0.029147487 0.01708243 0.00064679078 0.0030811969 0.11707641 0.2267243 0.28785899 0.29316166 0.29659519 0.29663813
0.28921524 0.28921503 0.28920543 0.28586671 0.28244781 0.26762092 0.24189332 0.082727328 -0.017180137 -0.010193073 0.00019989455 0.0093725175 0.021215515 0.091533162 0.16010234 0.1664601 0.10082373 0.16646732 0.16877879 0.03712967 0.028917443 0.032293923 0.034477223 0.031522386 0.019191429 0.0086228307 -0.0039006094 0.091767102 0.23037548 0.23709507 0.23812127 0.20880766 0.24236582 0.27516851 0.28929052 0.28929025
0.29007709 0.29239133 0.2907387 0.28773928 0.27523369 0.26630285 0.25581539 0.25443414 0.25441793 0.24282968 0.20567535 0.11237216 0.030522497 0.016935464 0.0091879005 0.00010291062 0.019201357 0.11860926 0.24383175 0.26066121 0.26519594 0.26530316 0.26896417 0.27246606 0.27230582 0.27230632 0.27089739 0.25044057 0.2001168 0.091609143 0.062745154 0.20062762 0.22103161 0.27323544 0.28671345 0.28671351
0.25208747 0.25914103 0.26009947 0.257283 0.23503461 0.21209005 0.18288292 0.068102323 0.04694758 0.0091889137 -0.0033902016 0.093659855 0.23728231 0.26284733 0.27744055 0.28084472 0.28305307 0.27470839 0.25851595 0.11068481 0.031866148 0.015861854 0.014255035 0.020820806 0.02623811 0.023988115 0.010510342 0.011757352 0.19737926 0.25525725 0.26294297 0.25933132 0.25568879 0.25570166 0.25376815 0.25288573
0.14028463 0.14023255 0.14023159 0.13790798 0.12845749 0.12120804 0.032680739 -0.087012939 -0.21874925 -0.1709979 -0.035084017 -0.10547512 -0.11896838 -0.17448479 -0.16845116 -0.11003306 -0.10330573 -0.16480464 -0.22122534 -0.17340414 -0.15293109 -0.19874439 -0.22929956 -0.23132981 -0.23103173 -0.22531275 -0.20601547 -0.1401955 -0.12426355 -0.030377978 -0.00306037 0.085241042 0.1402846 0.14028421 0.14028424 0.14028408
0.13525523 0.13525523 0.13525531 0.13525559 0.12810145 0.095225282 -0.1059107 -0.2236391 -0.22151251 -0.22705436 -0.22705641 -0.21995135 -0.20322166 -0.11750118 -0.11068415 -0.16822256 -0.21656692 -0.2158806 -0.21501131 -0.21560188 -0.2134304 -0.22028336 -0.22674 -0.22207013 -0.11048702 -0.016459813 -0.004692812 -0.014882387 -0.065238595 -0.15511601 -0.16033813 -0.15452817 -0.11274605 0.055501461 0.1352876 0.13525592
0.084518254 0.084518403 -0.0022354538 -0.046953291 0.077315912 0.069984779 0.062527701 -0.099187016 -0.17608626 -0.20465414 -0.22862501 -0.19942012 -0.10409918 -0.049913656 -0.028694056 -0.034087062 -0.034279358 -0.030290896 -0.095922194 -0.18889241 -0.24185596 -0.24446817 -0.23579387 -0.22478928 -0.20948273 -0.18663856 -0.18469325 -0.17161784 -0.14947475 -0.13598219 -0.053273387 0.086882971 0.086882822 0.086883314 0.084517799 0.084517926
0.18479989 0.16839211 0.14357954 0.14309564 0.10734425 0.063904278 -0.0015766874 -0.027987696 -0.031650513 -0.01347902 0.0067337421 0.014776903 0.022398051 0.033008959 0.04318 0.15160029 0.083178677 0.082910694 0.13142888 0.09951961 0.04520189 0.067579314 0.023821153 -0.0040118936 -0.002896934 -0.0061643831 -0.018773613 -0.025663538 -0.0192376 0.015966754 0.047043528 0.067302242 0.078257382 0.13427673 0.15413406 0.1878638
0.25314334 0.25314343 0.25039828 0.24900767 0.24900764 0.24900767 0.17553271 -0.014223962 -0.062762342 -0.083958514 -0.087296449 -0.088860258 -0.085304596 -0.074523903 -0.0753619 -0.077743635 -0.084067911 -0.080206536 -0.077403381 -0.080757961 -0.058432501 -0.017935595 0.025687058 0.048236463 0.12564464 0.23369831 0.23777942 0.20178902 0.18521042 0.10651213 0.068023548 -0.018496821 -0.019390134 0.11239027 0.23995076 0.24884294
0.15611775 0.19258851 0.24334645 0.22133774 0.19464093 0.18290798 0.087294139 -0.077743575 -0.092553034 -0.088982306 -0.079224333 -0.079665557 -0.076158531 -0.066832423 -0.067420714 -0.067083292 -0.071918577 -0.072325096 -0.071740523 -0.077785581 -0.084755518 -0.083633475 -0.077786565 -0.038016498 -0.020849885 0.026963957 -0.014759102 0.081292018 0.094926685 0.0099115707 0.029166294 -0.022260593 -0.0036915755 0.097022444 0.18838845 0.22842605
0.0695007 0.091899745 -0.060330208 -0.16107552 -0.17109805 -0.17613873 -0.16519369 -0.068904519 0.04065109 0.031024864 0.041670531 0.031130532 0.020110872 -0.10764381 -0.22988045 -0.23597635 -0.23169866 -0.22233462 -0.22250919 -0.22048914 -0.21989852 -0.21750303 -0.21570253 -0.21744388 -0.21583867 -0.22131966 -0.2258004 -0.22950171 -0.21313599 -0.075326063 0.038705435 0.041397311 0.057051595 0.062376685 0.071851537 0.061553843
0.14062987 0.1405146 0.11558152 0.05780147 -0.0050510224 -0.099962309 -0.12681647 -0.043675125 0.0049970527 -0.086811975 -0.22158331 -0.21976617 -0.22265387 -0.22139014 -0.21693181 -0.21386442 -0.21409214 -0.21814826 -0.2231891 -0.22156368 -0.22145197 -0.22745398 -0.22731021 -0.19727658 -0.22565046 -0.21815097 -0.20403959 -0.15612641 -0.14105865 -0.07280349 -0.072611034 0.012616881 0.098271601 0.14063011 0.14063042 0.14063016
0.29236123 0.29136738 0.29136738 0.29006851 0.29006851 0.28735518 0.28238431 0.26830167 0.18140894 0.0042898599 -0.028190564 -0.014897194 0.17927034 0.24205537 0.2538383 0.25743559 0.26217255 0.26243496 0.26554906 0.26791227 0.26030686 0.22350468 0.099857569 0.051064048 0.034343582 -0.014743972 0.030060207 0.22604434 0.27008078 0.28951135 0.29146671 0.29146674 0.29146665 0.29242694 0.29355875 0.29355875
0.21587786 0.21987379 0.21987396 0.21987395 0.21987396 0.21080522 0.13106513 -0.11628283 -0.15335378 -0.16284285 0.025540296 0.13477397 0.12675962 0.1309211 0.1168614 0.084287263 0.074453428 -0.006897599 -0.019124046 -0.097925149 -0.10460148 0.014154164 0.040277168 0.1825472 0.20116273 0.20116253 0.20116284 0.20172204 0.19328532 0.11974862 -0.067981742 -0.11651582 -0.13785177 -0.032314532 0.19935869 0.21209583
0.20978937 0.20978923 0.20022133 0.20022133 0.19822943 0.17971939 0.019207919 -0.14290145 -0.14251935 0.016438631 0.11060186 0.10827085 0.13091601 0.1489401 0.16919731 0.16991542 0.16632862 0.16191494 0.14148626 -0.027347634 -0.10281166 -0.12441787 -0.13392566 -0.1572625 -0.16844942 -0.15441267 -0.10708803 0.094514444 0.19876194 0.19876198 0.20432474 0.20986004 0.21536255 0.21536225 0.21166272 0.20978846
3.6452268e-06 -0.0012413894 -0.0037266647 -0.0074552288 -0.014904825 -0.014905335 -0.020713935 -0.033493441 -0.056369971 -0.079017058 -0.17827533 -0.24933396 -0.28857887 -0.28260338 -0.26591077 -0.2393295 -0.22130692 -0.18080449 -0.14467844 -0.15795076 -0.16331074 -0.15970461 -0.16455755 -0.16571845 -0.17075776 -0.15453275 -0.15668176 -0.10717008 -7.5890995e-07 7.5188291e-07 -0.012527755 -0.12059721 -0.12059752 -0.040758044 -0.012653272 3.8753592e-06
0.28854969 0.28141129 0.27816465 0.25673535 0.21568626 0.10504539 0.067725092 0.087414525 0.19564909 0.24021907 0.2748892 0.29493615 0.29821095 0.29815862 0.29815865 0.29815865 0.29708862 0.26420197 0.205029 0.11125637 0.073586285 0.041554622 0.022478055 0.024340687 0.037846379 0.044694033 0.061870433 0.10475744 0.21372667 0.26568756 0.28236732 0.28926641 0.29298526 0.29584825 0.2958484 0.29295576
0.29493615 0.29821095 0.29815862 0.29815865 0.29815865 0.29708862 0.26420197 0.205029 0.11125637 0.073586285 0.041554622 0.022478055 0.024340687 0.037846379 0.044694033 0.061870433 0.10475744 0.21372667 0.26568756 0.28236732 0.28926641 0.29298526 0.29584825 0.2958484 0.29295576 0.28854969 0.28141129 0.27816465 0.25673535 0.21568626 0.10504539 0.083903268 0.087414525 0.19564909 0.24021907 0.2748892
0.25298011 0.26578876 0.27321383 0.27334628 0.27334639 0.27334613 0.27408245 0.27052796 0.26447973 0.25078785 0.23418337 0.15437232 0.064233884 0.0049858019 0.0021798185 -0.0019050094 0.021968687 0.061092041 0.17326188 0.24064809 0.24079989 0.2381286 0.23684394 0.24436378 0.24575923 0.25618002 0.25967333 0.26294374 0.2552143 0.22194141 0.19378972 0.21892445 0.20867328 0.21639933 0.2248767 0.23122104
0.27319404 0.2742753 0.27427477 0.27326208 0.2722002 0.27220002 0.27220023 0.27242732 0.27242711 0.27352893 0.27466303 0.27466291 0.26670295 0.24661338 0.13137935 0.046775397 0.03863566 0.035980314 0.038471606 0.086598687 0.17414632 0.25338954 0.25369409 0.24978706 0.24991047 0.24991044 0.25395417 0.25779226 0.26509097 0.26862398 0.27208927 0.27211517 0.27211514 0.27209574 0.27209601 0.27209592
0.2119837 0.21198373 0.21219395 0.20928621 0.099343665 -0.00018526294 -0.0090399291 -0.0026992073 -0.0040702242 -0.024151701 -0.014344256 -0.036116634 -0.037804693 -0.028243642 -0.0080883959 0.10614835 0.19627054 0.24138606 0.24273898 0.22545698 0.21608208 0.19748737 0.057721995 -0.015951335 -0.0056722048 -0.039934393 -0.058740072 -0.083124332 -0.086591914 -0.08928185 -0.073042721 -0.003184173 0.11844446 0.21812797 0.21499993 0.2101384
0.23611976 0.24302906 0.24909088 0.251118 0.24419406 0.20318075 0.13679677 0.060976394 0.046933111 0.032041818 0.020316774 0.014339032 0.013582909 0.020690525 0.048662659 0.13630936 0.21733452 0.25439563 0.27701452 0.28363466 0.28363463 0.28678718 0.28885648 0.22545955 0.15223908 0.09579917 0.04273539 0.0080998875 0.0029574798 0.003120194 0.054360379 0.12456214 0.21286081 0.25887433 0.26032883 0.25001392
0.27701452 0.27701452 0.28363463 0.28678718 0.28885648 0.22545955 0.15223908 0.09579917 0.04273539 0.0080998875 0.0029574798 0.003120194 0.054360379 0.12456214 0.21286081 0.25887433 0.26032883 0.25001392 0.23611976 0.24302906 0.24909088 0.251118 0.24419406 0.20318075 0.13679677 0.060976394 0.046933111 0.032041818 0.024547504 0.014339032 0.013582909 0.020690525 0.048662659 0.13630936 0.21733452 0.25439563
0.20805974 0.20652542 0.20652537 0.20299536 0.19768061 0.18314922 0.15681395 0.15456794 0.13578743 0.1147703 0.12210311 0.1197807 0.10847268 0.13016607 0.13360672 -0.041618466 -0.14778742 -0.011768227 0.083881952 0.19255367 0.21313944 0.22136961 0.22136959 0.22136965 0.22136961 0.22146179 0.15227941 0.021012152 -0.10833548 0.016710052 0.2065473 0.21266389 0.21712606 0.20805979 0.20805979 0.20805979
0.23898824 0.23639275 0.23508014 0.23508015 0.23508015 0.22838558 0.22838558 0.22707912 0.22033687 0.21621643 0.19732949 0.18326406 0.1642087 0.13347341 0.12280974 0.056285985 0.038684908 -0.084023945 -0.10251638 -0.09489926 -0.087800853 -0.075687177 0.13416369 0.20593205 0.21956761 0.22255808 0.22014768 0.21613644 0.21219082 0.20007676 0.19098753 0.19098581 0.22593786 0.23127699 0.23510979 0.23898886
0.09310922 0.15966925 0.15227783 0.17785288 0.23417926 0.20771441 0.14560893 -0.015854489 -0.049464341 -0.085152008 -0.083055384 -0.083130322 -0.080139391 -0.080990046 -0.085781746 -0.087603167 -0.092510849 -0.10918546 -0.15876333 -0.1454608 -0.08304619 -0.065595672 -0.041616112 -0.03580872 0.014277228 0.10567312 0.12734194 0.19934772 0.24466999 0.22340007 0.17160338 0.026772825 0.0027598846 0.012630042 0.049338471 0.011058962
0.27201042 0.27300516 0.27300516 0.27144468 0.26847059 0.26527289 0.26044971 0.26044971 0.25693402 0.2510336 0.24631183 0.24609019 0.2391528 0.23427844 0.22252521 0.072160341 0.061510619 0.15945637 0.18539256 0.20311435 0.20275131 0.18473667 0.16097292 0.060297284 0.074209653 0.24074528 0.25230494 0.25622144 0.26396468 0.26768845 0.27118137 0.27115402 0.27115405 0.27089912 0.27089915 0.27089915
3.7418468e-07 1.0364741e-06 1.9622742e-06 -4.760754e-07 -0.095303722 -0.18465894 -0.1963104 -0.1205176 -0.050596021 1.3544434e-06 5.9553332e-07 -0.015640751 -0.20834543 -0.26690418 -0.27316234 -0.27354249 -0.24236117 -0.21305121 -0.1321457 -0.10087938 -0.065947466 -0.062334009 -0.079037592 -0.089013308 -0.10252108 -0.093643904 -0.17802902 -0.259287 -0.25972375 -0.22320493 -0.081251509 -0.014466195 -0.0072370674 -0.0024130032 -4.5675128e-07 -3.0742882e-07
0.23217972 0.23217964 0.2270717 0.097270153 0.01259463 0.099797383 0.21630822 0.2310537 0.11680062 0.097840704 0.11954876 0.060652096 -0.073823042 -0.11144909 -0.11244674 -0.11374813 -0.12280563 -0.13365453 -0.1361827 -0.12906985 -0.11225725 -0.10738765 -0.099400938 -0.10872693 -0.095603816 -0.070145108 -0.094113 -0.091316745 0.021225009 0.063886985 0.1582135 0.22719705 0.22719705 0.22719705 0.22887316 0.23217972
0.28979531 0.28979531 0.25157532 0.17003995 0.13664268 0.17589608 0.13614202 0.14160392 0.19914334 0.19537203 0.20780645 0.2351093 0.25747672 0.2703591 0.27156645 0.27117664 0.26913592 0.25875282 0.12058892 0.019025324 -0.052658558 -0.097722113 -0.015542298 -0.083799541 -0.048651528 -0.040410325 -0.032578371 0.21976693 0.28229457 0.29270449 0.29573086 0.29863495 0.29863495 0.29654974 0.29549319 0.29549322
0.14160392 0.19914334 0.19537203 0.20780645 0.2351093 0.25747672 0.2703591 0.27156645 0.27117664 0.26913592 0.25875282 0.119171 0.019025324 -0.052658558 -0.097722113 -0.015542298 -0.083799541 -0.048651528 -0.040410325 -0.032578371 0.21976693 0.28229457 0.29270449 0.29573086 0.29863495 0.29863495 0.29654974 0.29549319 0.29549322 0.28979531 0.28979531 0.25157532 0.17003995 0.13664268 0.17589608 0.13614202
0.25486639 0.26999176 0.2621212 0.25439709 0.25132328 0.2500689 0.24522218 0.23146187 0.17619941 0.11697021 0.13600245 0.20227718 0.23158373 0.24835962 0.25727162 0.26671714 0.26672512 0.26424521 0.26155353 0.24969758 0.23874119 0.18093531 0.0024322707 -0.041378811 -0.030699074 0.15142134 0.2536433 0.26437232 0.268235 0.2752347 0.27523473 0.27851504 0.28173575 0.28387314 0.27300707 0.22810286
0.23121274 0.24832459 0.25994349 0.26359186 0.26596755 0.26353434 0.25223085 0.10233168 0.019098559 -0.0077232271 -0.019858621 -0.024319751 -0.028240211 -0.029757529 -0.028428817 -0.026961572 -0.032898806 -0.029942514 -0.021572333 -0.020617418 -0.020988308 -0.028375668 -0.027903605 -0.027087707 -0.019480258 -0.0088125523 0.091589749 0.17979093 0.22600614 0.24673809 0.17546423 0.20850518 0.22299825 0.10469315 0.14010693 0.21189544
0.2778174 0.27667838 0.27667829 0.27081504 0.22024898 0.059964269 0.0091997124 -0.010957803 -0.0040304144 0.00045193054 0.0077728946 0.020224815 0.018474026 0.017794792 0.0049002348 -0.0029791121 -0.006433506 -0.018419739 -0.041788694 -0.0429397 -0.050663799 -0.055178992 -0.040277038 -0.033690549 -0.034471218 -0.02622816 -0.013034691 -0.00073072 0.020357965 0.053142779 0.22035038 0.22594881 0.19515879 0.204505 0.25066358 0.26332101
0.10798012 0.11186343 0.1118646 0.11186386 0.11186365 0.11186344 0.11186274 0.11161021 0.11161017 0.10942993 0.09824194 0.023364527 -0.047146983 -0.084827743 -0.17864348 -0.23352726 -0.24285772 -0.22823928 -0.22016999 -0.12413847 -0.028795958 0.015103668 0.031833798 0.031802151 0.035164662 0.035164658 0.044658151 0.053357497 0.070231147 0.078429468 0.091217175 0.093867742 0.093867637 0.10602544 0.1060259 0.10602556
0.097041614 0.097041607 0.097041488 0.10960048 0.10960042 0.10960031 0.11164828 0.115715 0.064066745 0.028513474 -0.088901073 -0.15828119 -0.16087945 -0.15322734 -0.16796474 -0.17406341 -0.19244874 -0.20049779 -0.21618125 -0.22684832 -0.22519389 -0.22035573 -0.20153753 -0.17881536 -0.15709606 -0.13316917 -0.049395703 0.089411937 0.090056598 0.090056725 0.090445839 0.090445876 0.090445988 0.092653722 0.094929412 0.094929397
0.24572079 0.26421595 0.302214 0.26908624 0.22606428 0.26247984 0.20860693 0.22080232 0.22478727 0.15863086 0.089110903 0.094365798 0.10286742 0.10898789 0.11443096 0.11115996 0.10829054 0.092312537 0.081274398 0.070626453 0.069200315 0.065752178 0.076558642 0.085168049 0.098552607 0.10516381 0.074096896 0.031617738 0.16853704 0.26678285 0.27414715 0.28400731 0.28737423 0.29240605 0.29255268 0.27376884
0.22089602 0.25018793 0.23849829 0.17193811 0.091519669 0.031242806 0.044076797 0.037057173 0.017939389 0.02626323 0.024533011 0.016252179 0.019010417 0.019304939 0.017554889 0.020180391 0.025458006 0.031299978 0.034597609 0.030954879 0.020337561 0.020809503 0.020189026 -0.049568146 -0.07335759 -0.036799408 0.0095092589 0.029639946 0.15577704 0.14962992 0.1019571 0.1875961 0.12067614 0.052022185 0.05472048 0.16975328
0.25765359 0.2368217 0.23682167 0.24362306 0.25316066 0.25202867 0.21339774 0.11429424 0.061515614 0.035295032 0.019113725 0.0062381676 0.0020578601 0.0088961422 0.014307832 0.022872357 0.030365292 0.030958543 0.046421379 0.057753734 0.070031226 0.16584069 0.2052307 0.2360681 0.23215853 0.1993051 0.16871113 0.068646364 -0.0096372878 -0.0034911879 0.055687696 0.11235165 0.18250965 0.23586071 0.25770488 0.26456451
0.29714352 0.29382426 0.28695086 0.2802251 0.26654485 0.12791127 0.041385885 0.10610618 0.18824179 0.25701374 0.26865527 0.26711035 0.26322189 0.2514877 0.22738892 0.13380235 -0.075256117 -0.088351242 -0.081947565 -0.021731608 0.056401905 0.079158358 0.12724 0.1281334 0.094139375 0.067101046 0.052485019 0.035350956 0.18508945 0.27707347 0.28550082 0.28843606 0.29453892 0.29453897 0.29757214 0.29949167
0.24206156 0.25736478 0.26136336 0.26528519 0.25670537 0.25014621 0.25014621 0.2635501 0.2610952 0.25451857 0.23922405 0.22133994 0.17215003 0.14513552 0.18661112 0.18568167 0.18145509 0.13429281 0.15373068 0.17605761 0.10093991 0.033612568 0.14116159 0.24407637 0.25824159 0.25824144 0.26141891 0.26466134 0.26687086 0.26687133 0.26469478 0.26106924 0.25031856 0.24893393 0.23177427 0.23330663
0.25336978 0.25336978 0.25183606 0.25183606 0.25146604 0.2468058 0.24269798 0.22511569 0.20050198 0.17147288 0.15349258 0.15253927 0.11040671 0.14731583 0.19811767 0.21457586 0.22415048 0.22754166 0.22624086 0.22473302 0.22473316 0.22873478 0.23149925 0.23616865 0.23427087 0.19736759 0.14428574 0.17139573 0.17190155 0.18906704 0.21312052 0.23343849 0.24762467 0.25083509 0.2535373 0.25336978
0.26353866 0.25244778 0.23063235 0.098780178 0.039379377 0.13202554 0.25846577 0.2746897 0.2769022 0.27690229 0.2748445 0.27164441 0.2684229 0.26206937 0.26206884 0.22809897 0.16534276 0.069896884 0.034083258 0.00061009277 -0.013201448 -0.016151084 -0.019005684 -0.027157467 0.010049085 0.063169383 0.18541212 0.24433073 0.25250709 0.25671068 0.2576021 0.25897726 0.25897729 0.2623474 0.26441464 0.26486123
0.2746897 0.2769022 0.27690229 0.2748445 0.27164441 0.2684229 0.26206937 0.26206884 0.22809897 0.16534276 0.069896884 0.034083258 0.00061009277 -0.013201448 -0.016151084 -0.025495334 -0.027157467 0.010049085 0.063169383 0.18541212 0.24433073 0.25250709 0.25671068 0.2576021 0.2576021 0.25897729 0.2623474 0.26441464 0.26486123 0.26353866 0.25244778 0.23063235 0.098780178 0.039379377 0.13202554 0.25846577
0.28228253 0.2783879 0.27455389 0.27079183 0.25458491 0.19923505 0.10613017 0.15584776 0.21361823 0.17274256 0.043553773 0.015400142 -0.0063364161 -0.031303938 -0.032010324 -0.02389756 -0.0080228597 0.00029881642 -0.0040202984 -0.0020272052 0.00053679408 0.013108571 0.014998931 0.015267094 0.015076224 0.011234657 0.0055154553 0.0046123909 0.030090483 0.082327038 0.20256259 0.23977169 0.249184 0.26869196 0.27926904 0.28228253
0.03856419 0.025767665 -0.0034619365 -0.018817676 0.0099535277 0.023015069 0.036316104 0.036315542 0.036315192 0.036314879 0.029310029 0.022036575 0.014499288 0.01449926 -0.015088473 -0.13586183 -0.25476304 -0.26376027 -0.23814008 -0.21437588 -0.24087386 -0.2541129 -0.24308594 -0.17949632 0.0023851381 0.031808078 0.036314897 0.036314826 0.036314782 0.036315225 0.036315873 0.038565069 0.038566165 0.038563654 0.038561422 0.038560987
0.036315542 0.036315192 0.036314879 0.029310029 0.022036575 0.014499288 0.01449926 -0.015088473 -0.13586183 -0.25476304 -0.26376027 -0.23814008 -0.21437588 -0.24087386 -0.2541129 -0.24308594 -0.17949632 0.0023851381 0.031808078 0.036314897 0.036314826 0.036314782 0.036315225 0.036315873 0.038565069 0.038566165 0.038563654 0.038561422 0.038560987 0.03856419 0.025767665 -0.0034619365 -0.018817676 -0.018818486 0.023015069 0.036316104
0.14341263 0.14315711 0.14315712 0.14315706 0.14315641 0.14315723 0.14315684 0.1356068 0.12801749 0.1080785 0.064677998 0.053111736 0.030089475 -0.0052315718 -0.031084545 -0.1523194 -0.23222812 -0.23446405 -0.23804471 -0.23092347 -0.21938652 -0.14672929 -0.058959063 0.038836043 0.058261 0.079324327 0.092011906 0.097921677 0.12505622 0.12505625 0.13083756 0.1369642 0.14341152 0.14341244 0.14341289 0.14341252
-2.7598321e-06 -3.1796924e-07 -0.0028141369 -0.0084437793 -0.016875956 -0.019679958 -0.0336539 -0.033654183 -0.033655986 -0.029767225 -0.038331211 -0.039277248 -0.017093664 -0.0024455048 -1.4387667e-06 -0.0025224576 -0.017630536 -0.045943499 -0.064447962 -0.21430519 -0.2673642 -0.25583318 -0.22545502 -0.077976197 -1.4334967e-06 -1.4422801e-06 -1.5266033e-06 -1.7461955e-06 -1.8621402e-06 -1.3105249e-06 -1.4053946e-08 -4.9188507e-08 -5.1823719e-07 -1.5547112e-06 2.722941e-07 9.7147483e-07
-0.033654183 -0.033655986 -0.029767225 -0.038331211 -0.039277248 -0.017093664 -0.0024455048 -1.5125494e-06 -0.0025224576 -0.017630536 -0.045943499 -0.064447962 -0.21430519 -0.2673642 -0.25583318 -0.22545502 -0.077976197 -1.4334967e-06 -1.4422801e-06 -1.5266033e-06 -1.7461955e-06 -1.8621402e-06 -1.3105249e-06 -1.4053946e-08 -4.9188507e-08 -5.1823719e-07 -1.5547112e-06 2.722941e-07 9.7147483e-07 -2.7598321e-06 -3.1796924e-07 -0.0028141369 -0.0084437793 -0.016875956 -0.016874349 -0.0336539
0.24335024 0.24314915 0.23867364 0.23724723 0.23642603 0.23177415 0.21405485 0.10728218 0.0385473 0.075952776 0.058094557 0.030309742 0.0068840445 -0.0013017829 -0.0032797498 0.00035992934 0.00776937 0.012355939 0.015452998 0.014129501 0.0080136079 0.0025222646 0.00065971853 -0.0038385254 -0.0077299313 -0.01558797 -0.021583073 -0.023544509 -0.020217452 0.01414095 0.19645716 0.25095242 0.26118991 0.26348445 0.26359603 0.25750726
0.27548823 0.27191013 0.26450452 0.26069906 0.25039604 0.24907394 0.23997009 0.23378861 0.22204076 0.21534032 0.1418878 0.022034947 0.072819874 0.11775952 0.10333773 0.090318024 0.068716884 0.051637456 0.030458104 0.021455791 -0.00026124873 -0.018408705 -0.023634573 -0.0098868655 -0.027820474 0.020960299 0.14745769 0.25360662 0.27230036 0.27988106 0.27974385 0.27974322 0.27974334 0.27918121 0.27918091 0.27911898
0.2227274 0.23198543 0.24598657 0.25641254 0.27054223 0.23922673 0.16572174 0.1149805 -0.061984904 -0.010587694 0.038861528 0.0043891114 -0.0051284893 -0.00205555 0.0053771809 0.0080608996 0.012008001 0.013524009 0.011801904 0.0095769065 -0.00077368633 -0.0066337115 -0.010571643 -0.010713547 -0.0030653076 0.031851385 0.17758632 0.2333298 0.23339652 0.23386061 0.22188391 0.21406707 0.18239497 0.11419563 0.048539355 0.14012221
0.2661173 0.2641536 0.2610231 0.25480115 0.25371987 0.23191336 0.18434697 0.029357199 0.0048412108 -0.10951178 -0.13098682 0.064175352 0.17441389 0.081161693 -0.097562306 -0.073880166 0.011395121 0.024547298 0.033195794 0.033699848 0.0064389752 -0.0096529964 -0.026422117 -0.041631412 -0.050961841 -0.065679379 -0.068142332 -0.053910412 -0.036205776 0.010509309 0.18342037 0.23680718 0.24835663 0.25231689 0.2598882 0.26349491
0.095477194 0.095476083 0.095476136 0.095475964 0.095475987 0.095475957 0.092902467 0.092902407 0.092902407 0.092902541 0.092902534 0.087717794 0.085107274 0.085107312 0.071883492 0.071883515 0.071883515 0.071883626 0.069206573 0.069207661 0.071885295 0.07188493 0.071884438 0.085108928 0.085108839 0.08510793 0.087718815 0.092902571 0.092902847 0.092903927 0.092903003 0.092904299 0.09290424 0.095475584 0.095477402 0.0954777
0.22351801 0.21910129 0.21460491 0.20090489 0.15126838 0.056980722 -0.053848922 0.028381808 0.097585164 0.040919524 0.055198252 0.091506101 -0.041409481 -0.12778296 -0.13384484 -0.13800178 -0.13524754 -0.12508819 -0.11847008 -0.11159762 -0.11061388 -0.12326867 -0.13026582 -0.11426908 -0.10689867 -0.10381848 -0.095386907 -0.069163494 0.036899995 0.033525553 0.16015747 0.22351795 0.22351795 0.22351795 0.22351794 0.22351801
0.27641699 0.27605039 0.22864568 0.14140247 0.17050305 0.19406854 0.033202831 -0.04868868 -0.016039969 -0.0015329701 -0.012982852 -0.021511903 -0.017792979 -0.01252126 0.0020319396 0.0087576983 0.010387917 0.01242826 0.014561586 0.015070569 0.014023708 0.0040297592 0.00013495366 -0.0049574943 -0.010859167 -0.017694222 -0.01723866 -0.0090769138 -0.0015890168 0.0021066705 0.02854364 0.06731981 0.081917197 0.19922678 0.27325889 0.27641702
0.28235701 0.2693657 0.16938284 0.2101668 0.2575483 0.25991729 0.26574481 0.2740958 0.27448335 0.27269018 0.27043825 0.26710194 0.26699463 0.26569432 0.26101306 0.24692027 0.1900496 0.062752448 -0.012287664 -0.023815369 -0.021610234 -0.029072909 0.10135734 0.25023556 0.24542442 0.26264185 0.27749306 0.27465951 0.2640304 0.2586517 0.26031607 0.26202723 0.27029347 0.27140948 0.27672845 0.27998
0.2740958 0.27448335 0.27269018 0.27043825 0.26710194 0.26699463 0.26569432 0.26101306 0.24692027 0.1900496 0.062752448 -0.012287664 -0.023815369 -0.021610234 -0.029072909 0.10135734 0.25023556 0.24542442 0.26264185 0.27749306 0.27465951 0.2640304 0.2586517 0.26031607 0.26202723 0.27029347 0.27140948 0.27672845 0.27998 0.28235701 0.2693657 0.16938284 0.2101668 0.2575483 0.25991729 0.26574481
0.22359121 0.22525504 0.23402278 0.24142978 0.2413446 0.23020914 0.21312883 0.20029347 0.13148786 -0.024682481 -0.033457283 -0.033723325 -0.022719027 -0.0061510401 -0.0061016874 -0.016613135 -0.016045835 -0.015970515 -0.029082902 -0.023328921 -0.0042704497 -0.0057112835 -0.024074201 -0.028544093 -0.038507663 -0.030147396 -0.019638199 0.054759935 0.14283615 0.21973553 0.25464275 0.25466076 0.25268966 0.24318634 0.1850626 0.1837267
0.27193287 0.27743834 0.27743837 0.27694958 0.27349773 0.26178694 0.23255552 0.077225357 0.023660177 0.0011377098 0.0093297586 0.020066988 0.030122738 0.031582482 0.036179256 0.037357431 0.039723273 0.039151963 0.029172931 0.019824052 0.01162282 0.0010504405 0.0016807545 -0.00079628493 -0.0028025166 0.012553275 0.016503181 0.017608043 0.021875449 0.11071574 0.24114507 0.2626428 0.27244174 0.27276742 0.27205169 0.27193281
0.26497507 0.26412958 0.26184076 0.25644797 0.23627202 0.21770611 0.18804151 0.12646735 0.15973653 0.20928776 0.1705263 0.18760723 0.21793929 0.22877598 0.24729124 0.25704351 0.26524112 0.26524112 0.24294943 0.21280101 0.23458603 0.27515063 0.27207139 0.26785922 0.25425541 0.04459741 -0.042802092 0.06093115 0.15809615 0.23456161 0.24855667 0.25826585 0.26095888 0.26108029 0.26108035 0.26485136
0.26524112 0.26524112 0.24294943 0.21280101 0.23458603 0.27515063 0.27207139 0.26785922 0.25425541 0.04459741 -0.042802092 0.06093115 0.15809615 0.23456161 0.24855667 0.25826585 0.26095888 0.26108029 0.26110071 0.26485136 0.26497507 0.26412958 0.26184076 0.25644797 0.23627202 0.21770611 0.18804151 0.12646735 0.15973653 0.20928776 0.1705263 0.18760723 0.21793929 0.22877598 0.24729124 0.25704351
0.15889318 0.15889323 0.15700278 0.15700281 0.15700282 0.15700294 0.15700284 0.15700373 0.15112329 0.13875858 -0.0076284325 -0.14174806 -0.15684478 -0.17589895 -0.18869667 -0.18699439 -0.18334 -0.18919544 -0.18546641 -0.18284649 -0.18578844 -0.16662887 -0.16707653 -0.16170822 -0.15179157 -0.13405351 -0.064417839 -0.0064235725 0.096551381 0.15889318 0.15889323 0.15889318 0.15889315 0.15889329 0.15889327 0.15889317
0.26364744 0.26959389 0.26959392 0.26924756 0.26562414 0.25324833 0.23697248 0.15597385 0.059821211 -0.013688249 -0.023462202 -0.023340806 -0.0092569906 -0.00080103299 0.018688906 0.024900692 0.02109335 0.019035097 0.017581774 0.014227579 0.0025690582 -0.012053817 -0.018287871 -0.021272469 -0.020024987 -0.0074262633 -0.0022603506 0.0064534247 0.17212695 0.23169743 0.24575786 0.25500688 0.26480451 0.2649174 0.26381776 0.26364741
0.15692744 0.15692744 0.15692733 0.15692763 0.15130538 0.14570002 0.14011958 0.11821121 0.10360288 -0.06006382 -0.16101228 -0.21121627 -0.20557228 -0.19796093 -0.19496267 -0.19467932 -0.19173044 -0.18104336 -0.18174818 -0.18196742 -0.17660762 -0.17273264 -0.1548385 -0.12201803 -0.087114409 -0.10088255 -0.145382 -0.065981641 -0.040038005 -0.071464635 -0.03392107 0.1588172 0.15881725 0.1588172 0.15692753 0.15692753
0.26020646 0.26381454 0.26693785 0.26006103 0.15125646 0.077623896 0.04986795 0.04170971 0.039397988 0.07549198 0.022950869 0.01408712 -0.0025376666 -0.0012103276 0.0047170012 0.010797249 0.015301367 0.030600669 0.045285091 0.04809906 0.045025241 0.041541945 0.038792934 0.03620011 0.032011941 0.032261886 0.029495178 0.019538984 0.0097804507 0.017639767 0.15515536 0.21233407 0.21496215 0.19808349 0.23237611 0.25749436
0.1864893 0.18648931 0.18648931 0.18648928 0.18648942 0.18648942 0.18648928 0.18648931 0.18648933 0.18441483 0.11355262 0.028867954 0.03767198 0.12125412 0.12338591 0.0078853397 -0.042420167 0.070681974 -0.084940948 -0.084941663 0.086994514 0.12507431 0.14667743 0.084957853 0.0090379482 0.0013315649 0.089795843 0.17808558 0.17808406 0.17808549 0.18021378 0.18441579 0.18441491 0.18441498 0.18441483 0.18441488
-1.1612024e-06 -1.2174179e-06 -1.1963371e-06 -1.1928238e-06 -9.7674501e-07 -1.0101232e-06 -0.0049553523 -0.10408977 -0.20630176 -0.26318595 -0.27493185 -0.27469242 -0.27812028 -0.28213918 -0.28051284 -0.27519354 -0.27344772 -0.2727645 -0.27253774 -0.27333814 -0.27422121 -0.27598169 -0.27804032 -0.28142118 -0.28425577 -0.27784893 -0.26866055 -0.25645244 -0.1359251 -0.049405199 -0.026033135 -0.0027829863 -1.0979602e-06 -1.112014e-06 -1.2420123e-06 -1.205121e-06
0.25784546 0.25741303 0.25741303 0.2612085 0.25991648 0.19286895 0.10454313 0.026317505 0.0094069289 0.0060122027 0.010164999 0.0088852942 0.010887178 0.018767534 0.029762987 0.032946452 0.018840931 0.010460746 0.01336361 0.012326507 -0.0013424939 -0.0060018715 -0.0025906935 0.001762283 0.0032529375 0.011692313 0.017726926 0.029275615 0.021722505 0.090356342 0.18173228 0.21530217 0.25304803 0.26356652 0.26445067 0.26183802
0.26367763 0.26014769 0.25929886 0.25929886 0.25913721 0.25527766 0.24717833 0.19891043 0.089024097 0.036744248 0.0017880731 -0.0095444769 -0.020903546 -0.027329955 -0.012860263 0.0061001629 0.012615355 0.017568264 0.023672799 0.027495282 0.026057905 0.02470338 0.015865864 0.011786021 0.0043637888 -0.0043409755 -0.0069333715 -0.0020842266 0.020031685 0.090253852 0.17262259 0.27285028 0.278604 0.27688822 0.27382857 0.2672101
0.26339835 0.2629993 0.26284942 0.26284942 0.26289418 0.25568751 0.23347744 0.15602991 0.01283205 0.021243416 0.031237999 0.02875668 0.025698774 0.024656078 0.030066675 0.032496199 0.030704534 0.017256314 0.011105359 0.00018256412 -0.00065759517 0.010752175 0.010432106 0.013493913 0.028285772 0.034324322 0.040103301 0.037999187 0.034737851 0.1629293 0.22238469 0.24009924 0.2521925 0.25638425 0.25651419 0.2601091
0.26413605 0.26393273 0.26393273 0.26384243 0.25979155 0.25017169 0.14961548 0.013483054 0.0034912087 -0.0026123396 -0.0084431823 -0.0037829166 0.011674056 0.017741898 0.025616756 0.029282965 0.033281591 0.037738666 0.042527825 0.039854698 0.03359165 0.028152091 0.026407687 0.023342766 0.015973035 0.0079271486 0.0045127729 0.00066739263 -0.0025027767 0.0008899222 0.080077693 0.16461636 0.22333132 0.23664461 0.25715074 0.26426125
0.26773024 0.24953778 0.22621709 0.21320222 0.198395 0.18305358 0.15983666 0.23238477 0.22419755 0.094151586 0.071386643 0.051971547 0.052896123 0.060015414 0.063155487 0.078906752 0.082237698 0.071624279 0.063037015 0.057410635 0.044934195 0.032158483 0.022393342 0.028194418 0.04690047 0.031849243 0.033767838 0.070888869 0.091961876 0.12192369 0.20838727 0.24844104 0.25780061 0.26272842 0.27030405 0.27138215
0.26058331 0.2646262 0.26834276 0.26843354 0.26834574 0.26834577 0.26835248 0.26480985 0.20534389 0.09174253 0.052509975 0.030870421 0.0094947759 -0.012520898 -0.027339092 -0.045104176 -0.05101192 -0.04134962 -0.026943635 -0.010411951 -0.0011657041 0.011393148 0.011950257 0.012487173 0.027304431 0.031576667 0.044639133 0.15949669 0.21459192 0.21755221 0.25918764 0.26685515 0.26685518 0.2670331 0.26359138 0.2603462
0.28344011 0.28045398 0.26285872 0.23216921 0.24052565 0.23053291 0.11288453 0.039299559 0.036978818 0.013656996 -0.00079076336 -0.0070988885 -0.0021484799 0.00084116444 0.002812946 0.010812871 0.014774714 0.02397228 0.036495153 0.045169424 0.051063024 0.040068202 0.022365727 0.015869057 0.013984974 0.0093280748 0.0095257964 0.013049459 0.019674152 0.06766741 0.15563606 0.20853201 0.18982863 0.25174922 0.28344002 0.28343996
0.29155198 0.29552534 0.29439676 0.28969428 0.27800778 0.18150567 0.10215154 0.053686332 0.034834266 0.033266097 0.041609939 0.047139231 0.053715009 0.055512853 0.059600506 0.056666296 0.060452074 0.069083482 0.072678849 0.077829465 0.069450051 0.058815192 0.054825068 0.048964862 0.046275783 0.047813918 0.040370282 0.035168115 0.033487905 0.055467304 0.18306087 0.26018855 0.29697695 0.28128168 0.26134524 0.28502482
0.27973035 0.25291011 0.25243357 0.23643748 0.28427136 0.27133581 0.24839109 0.11327785 -0.018855603 -0.027643064 -0.011972214 0.0021484122 0.043327924 0.078452714 0.0929197 0.097490095 0.10938571 0.10371026 0.10229888 0.097553663 0.096915059 0.087321907 0.073255904 0.051125381 0.036017369 0.014679178 -0.0097324792 -0.018783161 -0.012838248 0.015891777 0.17273834 0.27347937 0.28524438 0.28612348 0.21640724 0.21132252
0.24923053 0.18749239 0.20078206 0.24382655 0.26627427 0.26457241 0.2117281 0.10123462 -0.025904739 -0.028902516 -0.017948246 -0.014033662 -0.010104651 -0.0091389259 -0.0027421447 0.00029262176 0.00018536298 -0.00027047441 0.0064146831 0.015366691 0.017371582 0.014068037 0.011817494 0.010790787 -0.00041631819 -0.0039008169 -0.0077014067 -0.014431385 -0.019059628 0.0064645936 0.055457775 0.16680762 0.22043903 0.27234814 0.27767476 0.26826364
0.19432358 0.064614192 0.013480254 0.1418449 0.20213802 0.22825243 0.20684506 0.052873343 -0.0097755222 -0.12169104 -0.12632081 -0.12338233 -0.10139879 -0.08809153 -0.069299281 -0.055046063 -0.053559955 -0.055938929 -0.054517493 -0.072342478 -0.079574697 -0.09909337 -0.11051227 -0.12209912 -0.14169827 -0.15287308 -0.14629646 -0.11733866 0.12156138 0.20005415 0.20628974 0.19072139 0.048469093 0.045716073 0.11476672 0.12991197
-1.5459281e-07 1.4440368e-06 -0.0063631637 -0.019405138 -0.1027169 -0.167744 -0.17109118 -0.1683469 -0.10433471 -0.2073355 -0.24452482 -0.24983573 -0.25760046 -0.27267328 -0.27596867 -0.28061625 -0.27854323 -0.27773517 -0.27737948 -0.27792463 -0.27415097 -0.27374774 -0.27234834 -0.27497447 -0.27004603 -0.24983072 -0.14128961 -0.20860463 -0.20978789 -0.088363595 -0.090670273 -0.082919218 -0.093657523 -0.080369629 -0.058201946 -0.014377792
0.28739619 0.28425971 0.28107169 0.28107169 0.27383971 0.26333392 0.24314067 0.22782432 0.21148957 0.093643159 0.05263447 0.025982309 0.01562073 0.0079567749 0.0003263441 -0.0042436863 -0.0099791726 -0.010155813 -0.0092462879 -0.010999382 -0.02068596 -0.03127443 -0.029779006 -0.018741801 -0.0076324171 0.025444584 0.0456714 0.085199788 0.12996437 0.25027394 0.2876583 0.28731301 0.28731316 0.28837812 0.28936666 0.2893663
0.20588621 0.21774466 0.1698027 0.050614301 0.03868163 0.024444301 0.01309307 0.0099251149 0.033363778 0.044246864 0.073337071 0.085910782 0.081184126 0.080141313 0.088152468 0.092436001 0.10033782 0.10683036 0.11652073 0.12583849 0.10887537 0.082594082 0.077077746 0.073344611 0.060095035 0.059325755 0.060987417 0.06229322 0.060134657 0.054092947 0.037144665 0.036902133 0.046192389 0.056495301 0.12205478 0.18149038
0.18077208 0.19155049 0.20950392 0.27414513 0.29236829 0.24565323 0.14307444 0.020211387 0.023967249 0.032451861 0.034879614 0.042155024 0.048495099 0.12695646 0.18443079 0.17921321 0.12014773 0.11591819 0.098680861 0.091988005 0.085365474 0.080195203 0.069450863 0.044937536 0.037449442 0.016038496 -0.0082778046 -0.013466441 0.007837682 0.18423493 0.2651251 0.27080539 0.25699553 0.22147311 0.19456105 0.1887362
0.22130755 0.23812072 0.27133051 0.24158511 0.26627684 0.27507955 0.22759524 0.047544006 0.0096819485 0.0059022359 0.017685937 0.029810058 0.04474907 0.052270941 0.063941799 0.065352097 0.072071545 0.078330211 0.076791376 0.074882746 0.078116842 0.084390901 0.078390509 0.061744917 0.051850963 0.054291204 0.047878366 0.039138846 0.01645516 0.00044435161 0.085011929 0.18879415 0.27930975 0.28545335 0.29082191 0.2604982
-0.044629034 -0.091560863 0.025976276 0.095734216 0.14046268 0.1404627 0.072263174 -0.061045442 -0.14041762 -0.20192605 -0.21161528 -0.21604577 -0.21236303 -0.20276988 -0.20477943 -0.19965677 -0.18865694 -0.17975581 -0.17641102 -0.17981555 -0.17788546 -0.17068601 -0.16941322 -0.1553863 -0.16607128 -0.1847976 -0.19048677 -0.19691914 -0.19006863 -0.0031409846 0.093332984 0.14133911 0.063424081 -0.034028258 0.0745399 0.037838593
0.28094572 0.27001607 0.28588569 0.2937426 0.29080921 0.24413396 0.11664255 0.072547026 0.047719102 0.052522816 0.051717281 0.050749131 0.056676868 0.077608429 0.085101895 0.085144043 0.089044549 0.098123409 0.15487055 0.2054023 0.21500729 0.25078946 0.25026077 0.24979062 0.1791867 0.1235409 0.072647773 0.058729801 0.040639747 0.037356354 0.194952 0.25819388 0.25484559 0.20677862 0.20225164 0.25341299
0.18501459 0.19128001 0.19640812 0.19692758 0.19692747 0.19692713 0.1900949 0.11452569 -0.024597919 -0.19049996 -0.22562255 -0.23037732 -0.23319487 -0.21859978 -0.23709345 -0.2805652 -0.27361193 -0.27087176 -0.27884096 -0.28924656 -0.29824549 -0.29009661 -0.28846198 -0.28741828 -0.21680555 -0.072027296 -0.0051174695 0.045039397 0.056687266 0.068437472 0.076668523 0.1557209 0.16882685 0.16882679 0.16882667 0.17137592
0.22244297 0.26269558 0.26972535 0.21927254 0.0846861 0.05936905 0.048706193 0.056116719 0.065178499 0.066269092 0.062297963 0.054608628 0.049870558 0.038949236 0.031355079 0.021377012 0.0216961 0.0096332645 0.0086041763 0.018249959 0.056983564 0.065374531 0.048716087 0.042234454 0.034283172 0.025577461 0.027592495 0.031648152 0.04298193 0.048008062 0.055354651 0.077521749 0.12158741 0.21163933 0.24505188 0.22441943
0.11306236 0.11098678 0.028844483 -0.092240877 -0.17671813 -0.17973773 -0.17934071 -0.1658061 -0.13398673 0.034603491 0.09272676 -0.0014293853 -0.13381411 -0.21561554 -0.2163935 -0.22559293 -0.23128247 -0.22579041 -0.22453876 -0.22259066 -0.21700218 -0.21744943 -0.21886232 -0.22011043 -0.22310987 -0.2244222 -0.22545508 -0.2165574 -0.22254467 -0.21939552 -0.20078532 -0.16221471 -0.052167855 0.11266762 0.11266753 0.11266744
0.21810634 0.23989904 0.23281991 0.14530383 0.072828367 0.010845242 0.0079007307 0.013894845 0.017599126 0.027951591 0.021168264 0.022673044 0.075612068 0.12850679 0.20639692 0.25351149 0.24305722 0.21721475 0.17315963 0.096947193 0.086713076 0.091711648 0.10602282 0.11468313 0.047459416 0.027222227 0.02612347 0.01870095 0.010081982 0.0053090313 0.074672945 0.16724017 0.18471153 0.17438419 0.1417255 0.16753027
0.24305722 0.21721475 0.17315963 0.096947193 0.086713076 0.091711648 0.10602282 0.11468313 0.047459416 0.027222227 0.02612347 0.01870095 0.0068586981 0.0053090313 0.074672945 0.16724017 0.18471153 0.17438419 0.1417255 0.16753027 0.21810634 0.23989904 0.23281991 0.14530383 0.072828367 0.010845242 0.0079007307 0.013894845 0.017599126 0.027951591 0.021168264 0.022673044 0.075612068 0.12850679 0.20639692 0.25351149
0.19714111 0.19054987 0.17228825 0.20075783 0.19843559 0.22028099 0.25913984 0.27246869 0.21568346 0.043070573 0.018167602 0.040541928 0.046522602 0.072479047 0.10456857 0.13156027 0.13128838 0.13088977 0.14902142 0.18058944 0.17293407 0.16785921 0.19339404 0.18152788 0.094230466 0.064526066 0.05252704 0.031377107 0.030627582 0.040748674 0.083774962 0.20642266 0.26925126 0.30031422 0.25841597 0.22047623
0.10741139 0.16803499 0.19620197 0.19773971 0.13487922 -0.063522115 -0.098259628 -0.12057152 -0.13296334 -0.14583234 -0.16157806 -0.17881159 -0.19358687 -0.1966674 -0.20102657 -0.19541949 -0.18739286 -0.1650033 -0.063916229 0.025754651 0.14044277 0.043437436 0.028043047 0.047697723 0.059654649 -0.032360926 -0.10139757 -0.054154765 -0.067750163 -0.056440104 0.024404753 0.14834958 0.021879569 -0.054035522 -0.097937435 -0.017507747
0.024889885 -0.0092475042 -0.091495126 -0.16655031 -0.18250521 -0.19887049 -0.19725561 -0.19424145 -0.19633336 -0.2074163 -0.20945962 -0.21330719 -0.20427915 -0.19257943 -0.20240086 -0.1998401 -0.17518495 -0.15447924 -0.038072705 0.020350453 0.04806336 -0.10663921 -0.23080736 -0.25611004 -0.26702708 -0.26127243 -0.24851435 -0.25046298 -0.24368632 -0.1090112 -0.080915824 -0.16751567 -0.15362938 -0.19098787 -0.042047665 0.046515513
0.22903796 0.22758707 0.26409721 0.28835425 0.27589425 0.24642415 0.087523058 0.020473715 0.010404885 0.01534772 0.032903984 0.055676028 0.066541463 0.083904326 0.097132854 0.085810177 0.082404777 0.080925651 0.078165315 0.079703607 0.079656139 0.076566868 0.070027165 0.064288802 0.062319789 0.053903643 0.022407325 0.014312302 0.17753424 0.24634568 0.24843319 0.21295102 0.18546422 0.16333112 0.21229745 0.23488599
0.15447719 0.11660849 0.080284879 -0.017071981 -0.048257019 -0.1377364 -0.11925032 -0.11857349 -0.12039103 -0.122583 -0.12977277 -0.12848549 -0.084206656 -0.05270835 -0.10434909 -0.11782221 -0.10235188 0.028082412 0.10608568 0.090517528 0.048628755 -0.098225385 -0.10981102 -0.11627987 -0.11329 -0.11643115 -0.13582027 -0.14005663 -0.16848773 -0.18232058 -0.16961345 -0.14542139 0.036597218 0.12971602 0.14162514 0.14573561
0.2256497 0.22432148 0.24102801 0.24223703 0.2477563 0.24071819 0.21580426 0.14011504 0.009360699 0.0025680182 -0.016782094 -0.035187688 -0.02364042 -0.023805654 -0.025878061 -0.016807871 -0.013066143 -0.017611586 -0.014428444 -0.0097767301 -0.022967849 -0.022477927 -0.016420007 -0.0027112779 0.014001407 0.031223074 0.11208711 0.17371519 0.093090333 0.048150882 0.068729423 0.15743944 0.18523753 0.23105946 0.24836096 0.23388654
0.14923118 0.14182854 0.1523772 0.13946214 0.14142166 0.20846227 0.26020584 0.28027901 0.24711116 0.18460135 0.029058596 0.027918419 0.04105515 0.048510667 0.053399306 0.054357201 0.055245809 0.057632186 0.060926571 0.060521346 0.060041368 0.056120239 0.05483203 0.050959699 0.044988349 0.032133471 0.013113854 0.0011037559 0.020315286 0.083575957 0.22122091 0.27520326 0.28674921 0.28865871 0.23594268 0.16779974
0.28027901 0.25622672 0.18460135 0.029058596 0.027918419 0.04105515 0.048510667 0.053399306 0.054357201 0.055245809 0.057632186 0.060926571 0.060521346 0.060041368 0.056120239 0.05483203 0.050959699 0.044988349 0.032133471 0.013113854 0.0011037559 0.020315286 0.083575957 0.22122091 0.27520326 0.28674921 0.28865871 0.23594268 0.16779974 0.14923118 0.14182854 0.1523772 0.13946214 0.14142166 0.20846227 0.26020584
0.24719289 0.24719287 0.22350545 0.1949838 0.24455591 0.2362292 0.25081724 0.2308926 0.21498403 0.065982319 0.0070760781 0.078841582 0.060212806 -0.021813143 -0.086133525 -0.071209401 -0.057720207 -0.03579963 -0.045618434 -0.059473708 -0.067241505 -0.069680929 0.052732386 0.18152764 0.21337698 0.22610688 0.23078865 0.24115609 0.24115604 0.19920081 0.1262017 0.047552865 0.10982425 0.13536644 0.12860225 0.19470023
0.17896096 0.24723499 0.23112948 0.20276259 0.1348597 0.080051892 0.17254822 0.085851058 -0.048994984 -0.056153368 -0.038276371 -0.0010219065 0.020842701 0.0016003744 -0.012620933 0.030929508 0.16817248 0.059567951 -0.032014109 0.030494254 0.13178356 0.21849725 0.19491789 0.16000864 0.14618671 0.069648638 0.057474025 0.076673202 0.071455702 0.088775821 0.061027188 0.051642489 0.10186486 0.13353391 0.097989194 0.11526152
0.072698459 0.034349252 -0.027317196 -0.15236193 -0.20851916 -0.22718331 -0.23399076 -0.24020301 -0.2373112 -0.22249462 -0.20997085 -0.20467623 -0.18969768 -0.19114994 -0.19044477 -0.18531325 -0.15608394 -0.13010199 -0.052179441 0.035190664 -0.035798553 -0.16015491 -0.22010925 -0.2421716 -0.24523076 -0.25250953 -0.25149781 -0.2517207 -0.2658639 -0.26821637 -0.27192563 -0.103392 -0.10252203 -0.2216285 -0.19799565 -0.017846143
0.086677633 0.091440514 0.096368439 0.096367911 0.096366517 0.096367098 0.096367128 0.096367314 0.093805417 0.072441883 0.030222176 -0.015986299 -0.14473404 -0.22103211 -0.22554348 -0.22311774 -0.21867914 -0.21734169 -0.22709289 -0.22983882 -0.20829843 -0.1866678 -0.092505872 -0.011328041 0.050352063 0.064337187 0.064337246 0.069502562 0.073367 0.0710655 0.066363521 0.053610239 0.0355784 -0.027106641 0.038855899 0.074282184
0.23087668 0.23252881 0.19350168 0.18711437 0.14633398 0.10657885 0.11975131 0.12732072 0.13197125 0.12645665 0.11728623 0.11389275 0.11439354 0.10260662 0.088052168 0.072602771 0.063604586 0.048749633 0.036453474 0.031970173 0.041216616 0.045371827 0.051493365 0.047084685 0.044089895 0.053273547 0.18099754 0.23026189 0.2311953 0.19049051 0.18192127 0.19570094 0.17508036 0.052850671 0.05419318 0.1805086
0.019726418 -0.0060034906 -0.028978702 -0.02619829 0.00046382405 0.076367974 0.10135122 0.090438925 0.13213623 -0.012793599 -0.1391737 -0.15547743 -0.15400502 -0.10022959 -0.10458755 -0.016341638 0.052255627 -0.0090346336 -0.07029137 -0.065209329 -0.052034102 -0.052834779 -0.066825077 -0.091730267 -0.12545085 -0.13705453 -0.14761099 -0.16379459 -0.18022126 -0.18327607 -0.16025937 0.015795151 0.17955843 0.1980124 0.1960029 0.10481024
0.090438925 0.13213623 -0.012793599 -0.1391737 -0.15547743 -0.15400502 -0.10022959 -0.10458755 -0.016341638 0.052255627 -0.0090346336 -0.07029137 -0.065209329 -0.052034102 -0.052834779 -0.066825077 -0.091730267 -0.12545085 -0.13705453 -0.14761099 -0.16379459 -0.18022126 -0.18327607 -0.16025937 0.015795151 0.17955843 0.1980124 0.1960029 0.10481024 0.019726418 -0.0060034906 -0.028978702 -0.02619829 0.00046382405 0.076367974 0.10135122
0.25692579 0.25834194 0.23231579 0.24384139 0.27796838 0.27706149 0.2651377 0.23991075 0.19036706 0.047760356 0.027350836 0.0093433987 0.010758379 0.036650475 0.059630521 0.10492074 0.082979918 0.061009109 0.059958376 0.063722454 0.077097885 0.14927274 0.2394066 0.25351772 0.14623092 0.055918656 0.030502163 0.023527134 0.046898264 0.19721256 0.23002866 0.2153188 0.21195693 0.25226909 0.254498 0.25887126
0.19914125 0.19914128 0.14310963 0.040783215 -0.053011212 -0.047151063 -0.015336938 -0.031202925 -0.021623217 -0.027939772 -0.030257206 -0.027465243 0.0009219647 0.13699001 0.19775271 0.15253179 0.086279124 -0.045292009 -0.12322439 -0.11346097 -0.11326707 -0.11572116 -0.10641551 -0.084249377 -0.096413024 -0.11520243 -0.137615 -0.15533565 -0.15286887 -0.066656262 0.072677895 0.12868384 0.1257185 0.16770887 0.17994727 0.18862045
0.28642508 0.27798358 0.29212749 0.29461899 0.28169474 0.20004429 0.090156958 0.01151371 0.050238796 0.065878309 0.07392133 0.087151557 0.19806765 0.18377797 0.14912935 0.17485775 0.21833017 0.17739764 0.12780841 0.11038358 0.1094097 0.14075197 0.15005587 0.19003345 0.19674027 0.23568453 0.17916396 0.12254681 0.22171614 0.18707179 0.13531093 0.13184434 0.13543199 0.15116525 0.25780991 0.28904209
-0.076881804 -0.079503484 -0.078842528 -0.090379983 -0.073296532 -0.071535639 -0.1156394 -0.088339671 -0.12310345 -0.12048234 -0.18503323 -0.24258842 -0.26964608 -0.26516008 -0.25889841 -0.24171241 -0.23950283 -0.23436618 -0.24309601 -0.2504952 -0.25098047 -0.25170392 -0.24650769 -0.22211286 -0.17174695 -0.1769046 -0.22180441 -0.22439002 -0.16225892 -0.16254948 -0.10647483 -0.093256697 -0.079888031 -0.073288426 -0.086456768 -0.07850185
0.24370405 0.17551033 0.14989942 0.13591343 0.14798294 0.14904422 0.21119626 0.2757127 0.25247163 0.13410485 0.054594964 0.059876986 0.068079025 0.072808228 0.064771049 0.048147492 0.041762915 0.042533938 0.044123422 0.047761615 0.052060477 0.061113924 0.063884504 0.066916585 0.071000263 0.070118494 0.064290151 0.05576602 0.04226936 0.033230279 0.050182011 0.10727478 0.24860387 0.27539691 0.28823629 0.29138944
0.25714508 0.24299851 0.24492475 0.25350079 0.26044622 0.26383054 0.26342916 0.26295894 0.26145905 0.25388923 0.23428684 0.2160465 0.15441376 0.026429426 0.025475288 0.017901557 0.016146125 0.027126547 0.036595892 0.041737407 0.059954673 0.1001859 0.20585489 0.19353762 0.12112305 0.16938673 0.22941239 0.23916557 0.24218355 0.24870133 0.25828996 0.26382667 0.25866216 0.25332943 0.25860953 0.25862238
0.17163792 0.020764846 -0.089622051 -0.13020335 -0.14336964 -0.1335884 -0.11554308 -0.10544693 -0.10236524 -0.062745497 -0.04969155 -0.047148999 -0.038269687 -0.013371174 0.019972241 0.032693014 0.096693732 0.09881106 -0.05195795 -0.14044003 -0.16354162 -0.16086376 -0.1535137 -0.14171441 -0.14261368 -0.1695606 -0.17138469 -0.17526865 -0.18098128 -0.18947326 -0.14836134 -0.081114165 0.032357626 0.085489549 0.12881196 0.16194406
0.28726736 0.28733158 0.28733158 0.28747714 0.29065225 0.29282519 0.29194567 0.282646 0.22069018 0.13390534 0.046537589 0.036757275 0.033690479 0.018708857 0.014858071 -0.00016321712 -0.0080002407 -0.0076455222 -0.016168799 -0.037132397 -0.027225642 -0.014862163 0.0069460929 0.023467774 0.17800353 0.23954907 0.22705701 0.21173066 0.24099058 0.24164656 0.24387188 0.20898026 0.2047445 0.23708415 0.27612963 0.28393355
0.22753796 0.25734609 0.27174783 0.2558431 0.24841933 0.15347923 0.073065765 0.11389115 0.1410258 -0.0031647945 -0.0007615824 0.0075338981 0.01828051 0.017257232 0.030178256 0.017298238 -0.0092927981 -0.013623034 0.0062968303 0.0088860178 0.0073446189 -0.0056161876 -0.013480979 0.089626603 0.19730769 0.19275419 0.15259604 0.16201812 0.18510321 0.14849484 0.1216184 0.10964542 0.10420997 0.12202767 0.10500515 0.16190647
0.12864904 0.128648 0.12411567 0.12182911 0.12182911 0.12182908 0.10783003 0.10782996 0.10782994 0.10545347 0.10545346 0.10067004 0.093429014 0.074785948 0.043113779 0.040679961 -0.0033507715 -0.073148184 -0.21165228 -0.22915182 -0.22438125 -0.22230442 -0.21577905 -0.0076721492 0.092451654 0.1147217 0.12176412 0.12864171 0.12864202 0.12864532 0.12864545 0.12864307 0.12864295 0.12864864 0.12864922 0.12864955
0.10782996 0.10782994 0.10545347 0.10545346 0.10067004 0.093429014 0.074785948 0.043113779 0.040679961 -0.0033507715 -0.073148184 -0.21165228 -0.22915182 -0.22438125 -0.22230442 -0.21577905 -0.0076721492 0.092451654 0.1147217 0.12176412 0.12864171 0.12864202 0.12864532 0.12864545 0.12864307 0.12864295 0.12864864 0.12864922 0.12864955 0.12864904 0.128648 0.12411567 0.12182911 0.12182911 0.10782997 0.10783003
0.13270332 0.22182384 0.25686535 0.26195523 0.18632266 -0.0097825145 -0.022783805 -0.0058772201 0.023203835 0.03451718 0.041027941 0.042037081 0.038399979 0.030843556 0.027303604 0.028992113 0.031271521 0.032780435 0.030605286 0.042537451 0.061503612 0.096991464 0.062259834 0.020090923 0.0078227045 -0.020507678 0.090995252 0.18592992 0.09951672 0.17704563 0.16572863 0.11331511 0.10566275 0.085392654 0.089459009 0.11676826
0.14864239 0.11296619 0.034845222 -0.14771472 -0.18057178 -0.18642303 -0.18365823 -0.16269074 -0.18155625 -0.19161911 -0.19661035 -0.19949792 -0.2087481 -0.2149768 -0.21546009 -0.21723732 -0.19824502 -0.0033862237 0.030083921 -0.095210016 -0.090611115 -0.15886377 -0.19557646 -0.1274907 -0.13570516 -0.15934061 -0.17032515 -0.15805404 -0.16441187 -0.16840865 -0.17427665 -0.17997627 -0.17768751 -0.1632555 -0.13110498 0.065446831
0.2875759 0.27756527 0.26777577 0.26007813 0.22301683 0.16462533 0.10727926 0.10704043 0.097378485 0.094390988 0.1058352 0.10670382 0.10154518 0.15533338 0.22522056 0.22626105 0.21542434 0.23621622 0.15403579 -0.013573834 -0.016123012 -0.0011938405 0.020480568 0.02979498 0.092154853 0.10657281 0.087121546 0.086485483 0.090042487 0.19247055 0.23838753 0.25646728 0.27252907 0.28512457 0.28804052 0.28979954
0.18821356 0.26066983 0.23644955 0.091537304 0.15307559 0.14528236 0.02756286 0.090904079 0.051935378 0.0021088195 0.049950909 0.061199315 0.047008898 0.024464836 0.0087874113 0.0040208683 0.00077097327 0.00015800887 0.0038771718 0.0016012482 -0.0032210103 -0.01085583 -0.027044477 -0.035129622 0.014561309 0.11362549 0.25821677 0.25196114 0.20862116 0.1929561 0.12976961 0.088480964 0.073841877 0.072525531 0.095333703 0.11265201
0.1324458 0.091401681 0.053275656 0.066178992 0.079204038 0.051594928 0.049705483 0.064906999 0.095142521 0.12316626 0.12578839 0.18582708 0.19211219 0.15008697 0.19901448 0.11412179 -0.0097000338 -0.033677645 -0.031196887 -0.02490234 -0.0075814216 -0.017278749 -0.0075435378 0.0023606441 -0.0027910657 -0.004106001 0.012937188 0.025920989 0.0064790514 -0.027159812 -0.010267837 0.12332316 0.15675832 0.22920331 0.24972658 0.20317596
0.095142521 0.12316626 0.12578839 0.18582708 0.19211219 0.15008697 0.19901448 0.11412179 -0.011503343 -0.033677645 -0.031196887 -0.02490234 -0.0075814216 -0.017278749 -0.0075435378 0.0023606441 -0.0027910657 -0.004106001 0.012937188 0.025920989 0.0064790514 -0.027159812 -0.010267837 0.12332316 0.15675832 0.22920331 0.24972658 0.20317596 0.1324458 0.091401681 0.053275656 0.066178992 0.079204038 0.051594928 0.049705483 0.064906999
0.25922015 0.25392157 0.26357898 0.24220374 0.23102164 0.22449082 0.097998448 0.0031033147 0.021708315 0.059482109 0.042574089 0.010607658 -0.0025417802 -0.0041296822 -0.0013336577 0.0046718372 0.0018016172 0.010111186 0.043153536 0.028879233 0.00085082493 -0.01237143 0.081838839 0.1804848 0.12815887 0.1783977 0.22910377 0.23254469 0.21798234 0.080309741 0.058661632 0.071012944 0.073756456 0.10509589 0.2208945 0.2593191
0.30143651 0.30362093 0.3036209 0.30167454 0.29875913 0.29054916 0.26519647 0.18329413 0.18516381 0.19714253 0.16178544 0.17066975 0.13237779 0.087818801 0.061077278 0.053720258 0.041902527 0.10398857 0.1907358 0.25963268 0.25034496 0.22213775 0.22028787 0.17383392 0.15234967 0.13399465 0.12586866 0.14401792 0.15101025 0.16515094 0.21801242 0.26105553 0.28762844 0.28762841 0.29494318 0.29821935
0.20682698 0.14946547 0.079284415 0.057238348 0.037052866 0.051590528 0.097992666 0.16824636 0.22435133 0.24933174 0.26150241 0.22165348 0.15571295 -0.010943228 -0.022670142 0.10403243 0.21104375 0.10776187 0.054881413 0.01736467 -0.017265096 -0.024158893 -0.030370813 -0.0326107 -0.023690023 -0.010278872 -0.041799024 -0.05199869 -0.061190911 0.024808759 0.19633085 0.22192717 0.24338585 0.25864339 0.23177385 0.21850067
0.16824636 0.22435133 0.24933174 0.26150241 0.22165348 0.15571295 -0.010943228 -0.022670142 0.10403243 0.21104375 0.10776187 0.054881413 0.01736467 -0.017265096 -0.024158893 -0.030370813 -0.0326107 -0.023690023 -0.010278872 -0.041799024 -0.05199869 -0.061190911 0.024808759 0.19633085 0.22192717 0.24338585 0.25864339 0.23177385 0.21850067 0.20682698 0.14946547 0.069296241 0.057238348 0.037052866 0.051590528 0.097992666
0.14824861 0.11793382 0.055238105 0.063676335 -0.041579165 -0.13334018 -0.09821184 -0.02708431 -0.050029684 -0.080352291 -0.10967857 -0.12019739 -0.13709286 -0.14204969 -0.14447951 -0.14538167 -0.14583324 -0.14438547 -0.14336938 -0.13999431 -0.13949744 -0.14511621 -0.14665192 -0.1375818 -0.12917542 -0.10665877 -0.043861572 -0.035685118 -0.06574814 -0.098191723 -0.074343033 0.0069285338 0.026849739 0.036985662 -0.02782963 0.031202905
0.13383475 0.07587453 -0.032671221 -0.09041068 -0.15761051 -0.17273493 -0.16653506 -0.16459326 -0.1567407 -0.15609953 -0.16702013 -0.17438303 -0.17789036 -0.17919813 -0.12701865 0.046422489 0.076035149 -0.097887799 -0.21940443 -0.22352742 -0.22619721 -0.22297691 -0.21515363 -0.21222156 -0.20641316 -0.200518 -0.19338579 -0.15048578 -0.12746274 -0.14026202 -0.18972075 -0.20723595 -0.17675319 -0.061202779 0.049525402 0.11857612
0.23261595 0.23221748 0.12390731 0.028379953 -0.010465485 -0.043605842 -0.047040958 -0.06056786 -0.063929945 -0.061831035 -0.049685046 -0.011815179 0.10881703 0.10030361 0.0042919326 -0.14700505 -0.13472928 -0.1194675 -0.11186591 -0.10963381 -0.11233918 -0.11468378 -0.11651882 -0.11399954 -0.091992483 -0.038190044 -0.071196511 -0.13182522 -0.16113339 -0.16399924 -0.071110658 0.047377154 0.10147946 0.19310386 0.20387226 0.22408392
0.087716192 0.05623896 0.13407193 0.16604419 0.17206828 0.084022403 -0.044846665 0.034272626 0.020823928 -0.075581253 -0.14324766 -0.12344879 -0.11349747 -0.10259768 -0.10727593 -0.11576629 -0.12717143 -0.13124867 -0.13662735 -0.13700362 -0.12895004 -0.12447828 -0.10949633 -0.047753554 -0.04046252 -0.122148 -0.17939131 -0.18808766 -0.098882392 0.00063418696 0.027486185 0.11011826 0.11219104 0.11920456 0.084570237 0.1066254
0.14025567 0.12712331 0.12631679 0.053471483 0.034810986 -0.057177469 -0.13281907 -0.092512503 -0.029846761 0.0071953088 -0.017295929 -0.08432997 -0.10028028 -0.10966422 -0.11921448 -0.12432629 -0.12977393 -0.13201368 -0.13052092 -0.12288423 -0.12050915 -0.11680988 -0.11351682 -0.11169194 -0.10262538 -0.079733118 -0.065300569 -0.023579193 0.034803547 0.0033079332 -0.089975968 -0.12045932 -0.11386925 0.028154157 0.083971664 0.12506838
0.10778835 0.0034213935 0.0051811654 0.036290321 0.0082771294 -0.065292321 -0.13621508 -0.11651589 -0.079480112 -0.012407163 -0.015977275 -0.092795976 -0.10699777 -0.11613812 -0.13314584 -0.14144585 -0.14467475 -0.14603366 -0.1468575 -0.15232445 -0.15304022 -0.14723893 -0.14454107 -0.13951103 -0.12840347 -0.10934176 -0.10110978 -0.0736854 -0.0026433065 -0.0039182389 -0.086021997 -0.14459729 -0.020509996 0.034902196 0.052943442 0.099957854
0.065132082 0.034162175 0.065690018 0.085072592 0.2031339 0.24260099 0.13993132 0.053399697 -0.0028695941 0.00083321816 0.008052906 0.0091201784 0.0018720507 -0.015802437 -0.020856665 -0.0059180837 0.01014469 0.00017702905 -0.012164848 -0.00016741594 0.014593136 0.019650331 0.016333098 -0.0052771866 -0.009995007 -0.013275522 -0.00491026 0.057649508 0.09312278 0.12960735 0.20347573 0.098585732 0.037966643 0.070092902 0.10841136 0.083972655
0.12882492 0.10828014 0.098216787 0.051305611 0.06459105 0.0060713608 -0.096910983 -0.15685698 -0.12495526 -0.021119839 0.0092959953 -0.059903149 -0.11520381 -0.13357666 -0.15795246 -0.17224374 -0.17700469 -0.17999187 -0.18298514 -0.18240723 -0.18285182 -0.18137832 -0.17899534 -0.16870858 -0.15142317 -0.12139106 -0.097588524 -0.028424818 -0.029371368 -0.084463187 -0.12987761 -0.09808249 0.071756139 0.099969842 0.10758809 0.13125846
0.24242032 0.15926784 0.16669038 0.14454125 0.099716052 0.13313502 0.10281686 0.099681392 0.11321968 0.1155176 0.1638837 0.22454244 0.25388381 0.12050675 0.028533688 0.010947691 0.014538178 0.043485057 0.063813843 0.050839536 0.042419896 0.025161782 0.01546985 0.014507384 0.027184833 0.033004064 0.048294608 0.047441792 0.014047462 0.0034972343 -0.0032392107 0.082528159 0.23035707 0.25128621 0.26513755 0.26416895
1.3702539e-06 2.1783524e-06 2.508619e-06 8.3620648e-07 4.7607537e-07 1.0294473e-06 4.216168e-08 -1.1243112e-07 -0.025426446 -0.077570863 -0.23073037 -0.25595209 -0.24973775 -0.24192573 -0.22867203 -0.23417448 -0.24217507 -0.25443777 -0.25325662 -0.25106138 -0.24640895 -0.18398266 -0.11983817 -0.071860492 -0.20834599 -0.25127816 -0.23088475 -0.20825481 -0.18013826 -0.075465992 -6.4999206e-08 -4.1985984e-07 3.4783375e-07 5.8147958e-07 1.2824173e-06 1.6513319e-06
0.26828322 0.2716192 0.26093438 0.24426027 0.22367483 0.087807067 -0.0043663322 -0.032500345 -0.039785542 -0.029853005 -0.0082630869 0.01513199 0.031774629 0.012187854 0.0063073281 0.012360498 0.025165979 0.034837432 0.032322221 0.013717047 -0.0024879125 -0.012119693 -0.010235018 0.029618515 0.12109444 0.2222288 0.21475162 0.078317486 0.072546944 0.10781575 0.12560412 0.08890947 0.076449074 0.093517214 0.20357592 0.23746045
0.1567789 0.15685967 0.15685968 0.15497409 0.14731185 0.1414413 0.10989721 0.068929553 0.022414375 -0.098261178 -0.24817 -0.20532432 -0.17680666 -0.1895158 -0.20818181 -0.20806932 -0.21169996 -0.22514869 -0.22363165 -0.22397983 -0.21750011 -0.21347176 -0.2093733 -0.18662784 -0.16890548 -0.19259799 -0.22404225 -0.0020434202 0.056761052 0.022542937 0.092820778 0.15385698 0.15678015 0.15678009 0.15677986 0.15677921
0.29840201 0.29795402 0.30001426 0.30242383 0.30683047 0.30759725 0.28341994 0.24771491 0.26671925 0.24264453 0.047011063 0.0974117 0.12898101 0.11930118 0.091526181 0.082448214 0.075931802 0.070780173 0.074157558 0.071851209 0.074461319 0.076745406 0.060916901 0.076452225 0.093036145 0.074356206 0.048316587 0.095508419 0.18605818 0.29039863 0.29852289 0.30104452 0.29900289 0.2977533 0.29858005 0.29844126
0.22648007 0.22784445 0.23629047 0.24048012 0.23040423 0.20261334 0.16766351 -0.085726164 -0.11897057 -0.0078003048 -0.0063216654 -0.039507661 -0.05620129 -0.068223007 -0.083853081 -0.11019547 0.048612494 0.14367019 0.1581955 0.15551056 0.0037416716 -0.045020912 -0.042042702 -0.049639281 -0.042529553 -0.031394579 -0.036171228 -0.054548323 -0.041239411 -0.012290754 0.10423565 0.23278134 0.23321013 0.2288408 0.22884074 0.22647974
0.15166281 0.15194798 0.1519478 0.15194818 0.15194815 0.15194833 0.13664465 0.12206107 0.095129289 -0.01338292 -0.22376063 -0.21282576 -0.19874525 -0.18716244 -0.20947492 -0.21943314 -0.21859071 -0.23502561 -0.23583789 -0.23633459 -0.21724017 -0.21797448 -0.20445324 -0.20213686 -0.22299629 -0.23394498 -0.23255219 9.1662128e-05 0.11048452 0.13548896 0.14366464 0.15166317 0.15166229 0.15166217 0.15166254 0.15166321
0.12745979 0.12745874 0.12745856 0.13655941 0.13119456 0.12394058 0.019168401 -0.13990961 -0.17692752 -0.17628635 -0.16420981 -0.16480897 -0.15899417 -0.1620459 -0.16645873 -0.17554404 -0.17501397 -0.11949391 -0.041843019 0.076599233 -0.065176293 -0.15276138 -0.13368456 -0.12336776 -0.11162609 -0.093553074 -0.12422467 -0.17465326 -0.22169486 -0.20390853 -0.10996141 0.080050819 0.11481987 0.12561201 0.12561129 0.12745957
0.14604594 0.14604516 0.14595377 0.14595395 0.1459541 0.14595422 0.14595445 0.13820785 0.11285122 -0.035483684 -0.14577256 -0.24201247 -0.23421238 -0.22500113 -0.21398768 -0.22065665 -0.23460734 -0.23631647 -0.25331345 -0.2323122 -0.22732677 -0.22570136 -0.22661355 -0.19516033 -0.19721992 -0.22899771 -0.21998802 -0.055733014 0.10711428 0.10983574 0.13098539 0.13860509 0.14604582 0.14604546 0.14604595 0.14604637
0.15145747 0.1514609 0.15146117 0.15146095 0.15146068 0.15146071 0.14368618 0.13565707 0.1109555 0.012703095 -0.2032945 -0.19608448 -0.19241542 -0.17091198 -0.19959895 -0.24169417 -0.25140798 -0.26226637 -0.26543185 -0.26776609 -0.26219738 -0.26211202 -0.25910401 -0.23427005 -0.21790266 -0.22795741 -0.23750891 -0.10455976 0.013228618 0.12318844 0.14373988 0.15145823 0.15145794 0.15145819 0.15145776 0.15145695
0.28207761 0.27396503 0.26316667 0.21889712 0.076931328 0.074658766 0.11999138 0.13748704 0.10981598 0.15681125 0.194554 0.13686277 0.0061136293 -0.017960545 -0.0018533007 0.0015070298 0.004504438 0.0066536767 -0.00034964978 0.0023195494 0.0069404421 0.0012496976 0.0023292473 0.0093742609 0.0096208788 -0.01637915 -0.034799915 -0.028756401 -0.0087449597 0.067405544 0.15256801 0.26654965 0.27713814 0.28065187 0.28322816 0.28322825
0.23182367 0.23182371 0.23289242 0.23501107 0.23501106 0.23191489 0.22640146 0.12388597 0.016252734 -0.0042138146 0.033851411 0.030312795 0.11971417 0.087175846 -0.14626677 -0.16716121 -0.18270545 -0.15749724 -0.14938806 -0.11911638 -0.11500166 -0.088683054 -0.080398485 -0.11969877 -0.13611147 -0.17012295 -0.10329287 0.014131624 0.16371906 0.19449767 0.21394083 0.21819328 0.22483866 0.22618736 0.22618786 0.2261879
0.29810834 0.29810819 0.298417 0.29841721 0.29844025 0.29545259 0.29230711 0.2786558 0.2542946 0.10492324 0.0010631653 0.020790963 0.057974331 0.078923628 0.011473298 -0.039344899 -0.044752806 -0.050467584 -0.057036571 -0.047002904 -0.03986647 0.014287117 0.020159263 0.052573431 0.079387099 0.048251666 0.025290942 -0.011697761 0.19481449 0.26197413 0.27582625 0.28530538 0.29611945 0.29759029 0.29860359 0.29810864
0.29619631 0.29637572 0.29637584 0.29640916 0.2933512 0.29013759 0.27632901 0.25261095 0.10282359 -0.0042938595 -0.0038067424 0.025422269 0.043527223 -0.0092382273 -0.068910539 -0.10251159 -0.12072913 -0.14583465 -0.1524249 -0.15448634 -0.13189252 -0.11635628 -0.094185628 -0.027438136 0.053677242 0.037029136 0.0089377733 -0.01595705 0.088159136 0.24800162 0.27395242 0.28908607 0.29258215 0.29610795 0.29619628 0.29619631
0.21024266 0.21024278 0.20073789 0.20073798 0.19862163 0.18791258 0.18113303 0.15217838 0.10403318 -0.11424102 -0.20322554 -0.20139177 -0.1771016 -0.16154706 -0.20282015 -0.24306144 -0.25401682 -0.2583586 -0.26862332 -0.26722807 -0.26962468 -0.22080903 -0.14755554 -0.18538629 -0.25161216 -0.21123543 -0.18349032 -0.12058311 0.11492196 0.18596554 0.20424987 0.21008787 0.21571667 0.21571666 0.21208401 0.21024287
0.28099683 0.28099695 0.28102067 0.27786729 0.27459499 0.26753625 0.26372984 0.25206709 0.12762871 0.041113444 -0.0086634578 -0.021821721 -0.029960483 -0.020542812 0.0072176093 0.027427096 0.039083526 0.028375715 0.027676372 0.033402212 0.031312611 0.021172613 0.025345204 0.033878237 0.021418007 0.0099535985 0.0017203328 0.093788855 0.19028123 0.15136659 0.22294219 0.27639481 0.28094804 0.2809608 0.28096107 0.28099662
0.20746498 0.20746538 0.20867017 0.20866989 0.20866905 0.2086688 0.21431118 0.20946778 0.19503187 0.15139121 0.030977936 -0.14563744 -0.14515425 -0.12809172 -0.1202096 -0.11774298 -0.093444079 -0.10853827 -0.13461976 -0.13046469 -0.14385507 -0.14308576 -0.12434873 0.06695129 0.15269761 0.18094246 0.19943339 0.17209584 0.12018973 0.032541268 0.057596043 0.147237 0.20423995 0.20424083 0.20424107 0.20572741
0.24998435 0.24764355 0.24646026 0.24646029 0.24646029 0.24021515 0.24021517 0.23881923 0.22843391 0.21263778 0.11558875 -0.0056427219 -0.11681886 -0.1262023 -0.1171179 -0.10601037 -0.099642232 -0.092090301 -0.078830719 -0.072420396 -0.074640594 -0.083971351 -0.095100746 -0.10764438 -0.047184236 0.065729842 0.1726115 0.19173679 0.20967907 0.21985684 0.22470059 0.22470018 0.23933567 0.24275662 0.24631028 0.24998464
0.26656026 0.26519433 0.26402798 0.26402825 0.26339129 0.26281264 0.25912377 0.25246111 0.23668726 0.21816453 0.12465852 0.018956542 -0.048900694 -0.039039649 -0.030710932 -0.034936793 -0.037802074 -0.03484242 -0.025418989 -0.03138366 -0.042986263 -0.058518659 -0.071369708 -0.073157288 0.015654551 0.12569009 0.21965805 0.2379391 0.25314295 0.25932062 0.26273248 0.26400146 0.26400164 0.26400205 0.26517743 0.26656029
0.26915482 0.26779783 0.26668945 0.26668957 0.2666896 0.26525041 0.26525041 0.26490095 0.23612754 0.23025064 0.18384746 0.064319402 -0.056108214 -0.058546342 -0.037587866 -0.022805572 -0.023721039 -0.028427735 -0.022969192 -0.015288031 -0.016033305 -0.02676392 -0.038867351 -0.042231195 0.030708736 0.13149291 0.22069153 0.23907579 0.25490606 0.26157972 0.2652052 0.26520535 0.26667511 0.26667508 0.26778832 0.26915506
0.27556694 0.2755664 0.27337849 0.27020055 0.26708207 0.26602688 0.26019448 0.25643146 0.24981517 0.23907547 0.2247442 0.14728904 0.056331642 -0.019932562 -0.025727408 -0.023847723 -0.0075548505 0.00054596068 0.0019452412 -0.0064775557 -0.015263123 -0.010357023 0.00029171666 -0.01992359 -0.03249028 0.049482211 0.16168451 0.17774951 0.22748144 0.27315593 0.27327731 0.27327716 0.27339363 0.27339369 0.27339348 0.27447411
